5.29022
5.29022
5.29022
5.29022
5.29022
5.29022
5.29022
5.29022
5.29022
5.29022
5.29022
5.29022
5.29022
5.29022
5.29022
5.29022
5.29022
5.29022
5.29022
5.29022
5.29022
5.29022
5.29022
5.29022
5.29023
5.29023
5.29023
5.29023
5.29023
5.29023
5.29023
5.29023
5.29023
5.29023
5.29023
5.29023
5.29023
5.29023
5.29023
5.29023
5.29023
5.29024
5.29024
5.29024
5.29024
5.29024
5.29024
5.29024
5.29024
5.29024
5.29024
5.29024
5.29025
5.29025
5.29025
5.29025
5.29025
5.29025
5.29025
5.29025
5.29025
5.29026
5.29026
5.29026
5.29026
5.29026
5.29026
5.29026
5.29026
5.29027
5.29027
5.29027
5.29027
5.29027
5.29027
5.29027
5.29028
5.29028
5.29028
5.29028
5.29028
5.29028
5.29028
5.29029
5.29029
5.29029
5.29029
5.29029
5.29029
5.2903
5.2903
5.2903
5.2903
5.2903
5.2903
5.29031
5.29031
5.29031
5.29031
5.29031
5.29032
5.29032
5.29032
5.29032
5.29032
5.29033
5.29033
5.29033
5.29033
5.29033
5.29034
5.29034
5.29034
5.29034
5.29034
5.29035
5.29035
5.29035
5.29035
5.29036
5.29036
5.29036
5.29036
5.29036
5.29037
5.29037
5.29037
5.29037
5.29038
5.29038
5.29038
5.29038
5.29039
5.29039
5.29039
5.29039
5.2904
5.2904
5.2904
5.2904
5.29041
5.29041
5.29041
5.29042
5.29042
5.29042
5.29042
5.29043
5.29043
5.29043
5.29044
5.29044
5.29044
5.29044
5.29045
5.29045
5.29045
5.29046
5.29046
5.29046
5.29046
5.29047
5.29047
5.29047
5.29048
5.29048
5.29048
5.29049
5.29049
5.29049
5.2905
5.2905
5.2905
5.29051
5.29051
5.29051
5.29052
5.29052
5.29052
5.29053
5.29053
5.29053
5.29054
5.29054
5.29054
5.29055
5.29055
5.29055
5.29056
5.29056
5.29056
5.29057
5.29057
5.29058
5.29058
5.29058
5.29059
5.29059
5.29059
5.2906
5.2906
5.29061
5.29061
5.29061
5.29062
5.29062
5.29063
5.29063
5.29063
5.29064
5.29064
5.29064
5.29065
5.29065
5.29066
5.29066
5.29066
5.29067
5.29067
5.29068
5.29068
5.29069
5.29069
5.29069
5.2907
5.2907
5.29071
5.29071
5.29072
5.29072
5.29072
5.29073
5.29073
5.29074
5.29074
5.29075
5.29075
5.29075
5.29076
5.29076
5.29077
5.29077
5.29078
5.29078
5.29079
5.29079
5.2908
5.2908
5.29081
5.29081
5.29081
5.29082
5.29082
5.29083
5.29083
5.29084
5.29084
5.29085
5.29085
5.29086
5.29086
5.29087
5.29087
5.29088
5.29088
5.29089
5.29089
5.2909
5.2909
5.29091
5.29091
5.29092
5.29092
5.29093
5.29093
5.29094
5.29094
5.29095
5.29095
5.29096
5.29096
5.29097
5.29097
5.29098
5.29098
5.29099
5.291
5.291
5.29101
5.29101
5.29102
5.29102
5.29103
5.29103
5.29104
5.29104
5.29105
5.29106
5.29106
5.29107
5.29107
5.29108
5.29108
5.29109
5.29109
5.2911
5.29111
5.29111
5.29112
5.29112
5.29113
5.29113
5.29114
5.29115
5.29115
5.29116
5.29116
5.29117
5.29118
5.29118
5.29119
5.29119
5.2912
5.29121
5.29121
5.29122
5.29122
5.29123
5.29124
5.29124
5.29125
5.29125
5.29126
5.29127
5.29127
5.29128
5.29128
5.29129
5.2913
5.2913
5.29131
5.29132
5.29132
5.29133
5.29133
5.29134
5.29135
5.29135
5.29136
5.29137
5.29137
5.29138
5.29139
5.29139
5.2914
5.29141
5.29141
5.29142
5.29143
5.29143
5.29144
5.29144
5.29145
5.29146
5.29146
5.29147
5.29148
5.29148
5.29149
5.2915
5.29151
5.29151
5.29152
5.29153
5.29153
5.29154
5.29155
5.29155
5.29156
5.29157
5.29157
5.29158
5.29159
5.29159
5.2916
5.29161
5.29162
5.29162
5.29163
5.29164
5.29164
5.29165
5.29166
5.29167
5.29167
5.29168
5.29169
5.29169
5.2917
5.29171
5.29172
5.29172
5.29173
5.29174
5.29174
5.29175
5.29176
5.29177
5.29177
5.29178
5.29179
5.2918
5.2918
5.29181
5.29182
5.29183
5.29183
5.29184
5.29185
5.29186
5.29186
5.29187
5.29188
5.29189
5.29189
5.2919
5.29191
5.29192
5.29193
5.29193
5.29194
5.29195
5.29196
5.29196
5.29197
5.29198
5.29199
5.292
5.292
5.29201
5.29202
5.29203
5.29203
5.29204
5.29205
5.29206
5.29207
5.29207
5.29208
5.29209
5.2921
5.29211
5.29211
5.29212
5.29213
5.29214
5.29215
5.29216
5.29216
5.29217
5.29218
5.29219
5.2922
5.2922
5.29221
5.29222
5.29223
5.29224
5.29225
5.29225
5.29226
5.29227
5.29228
5.29229
5.2923
5.2923
5.29231
5.29232
5.29233
5.29234
5.29235
5.29236
5.29236
5.29237
5.29238
5.29239
5.2924
5.29241
5.29242
5.29242
5.29243
5.29244
5.29245
5.29246
5.29247
5.29248
5.29248
5.29249
5.2925
5.29251
5.29252
5.29253
5.29254
5.29255
5.29255
5.29256
5.29257
5.29258
5.29259
5.2926
5.29261
5.29262
5.29263
5.29263
5.29264
5.29265
5.29266
5.29267
5.29268
5.29269
5.2927
5.29271
5.29272
5.29273
5.29273
5.29274
5.29275
5.29276
5.29277
5.29278
5.29279
5.2928
5.29281
5.29282
5.29283
5.29284
5.29284
5.29285
5.29286
5.29287
5.29288
5.29289
5.2929
5.29291
5.29292
5.29293
5.29294
5.29295
5.29296
5.29297
5.29298
5.29299
5.29299
5.293
5.29301
5.29302
5.29303
5.29304
5.29305
5.29306
5.29307
5.29308
5.29309
5.2931
5.29311
5.29312
5.29313
5.29314
5.29315
5.29316
5.29317
5.29318
5.29319
5.2932
5.29321
5.29322
5.29323
5.29324
5.29325
5.29326
5.29327
5.29328
5.29329
5.2933
5.29331
5.29332
5.29333
5.29334
5.29335
5.29336
5.29337
5.29338
5.29339
5.2934
5.29341
5.29342
5.29343
5.29344
5.29345
5.29346
5.29347
5.29348
5.29349
5.2935
5.29351
5.29352
5.29353
5.29354
5.29355
5.29356
5.29357
5.29358
5.29359
5.2936
5.29361
5.29362
5.29363
5.29364
5.29365
5.29366
5.29367
5.29368
5.29369
5.2937
5.29371
5.29372
5.29373
5.29374
5.29375
5.29376
5.29377
5.29378
5.2938
5.29381
5.29382
5.29383
5.29384
5.29385
5.29386
5.29387
5.29388
5.29389
5.2939
5.29391
5.29392
5.29393
5.29394
5.29395
5.29396
5.29398
5.29399
5.294
5.29401
5.29402
5.29403
5.29404
5.29405
5.29406
5.29407
5.29408
5.29409
5.2941
5.29412
5.29413
5.29414
5.29415
5.29416
5.29417
5.29418
5.29419
5.2942
5.29421
5.29422
5.29424
5.29425
5.29426
5.29427
5.29428
5.29429
5.2943
5.29431
5.29432
5.29433
5.29435
5.29436
5.29437
5.29438
5.29439
5.2944
5.29441
5.29442
5.29443
5.29445
5.29446
5.29447
5.29448
5.29449
5.2945
5.29451
5.29452
5.29453
5.29455
5.29456
5.29457
5.29458
5.29459
5.2946
5.29461
5.29462
5.29464
5.29465
5.29466
5.29467
5.29468
5.29469
5.2947
5.29472
5.29473
5.29474
5.29475
5.29476
5.29477
5.29478
5.2948
5.29481
5.29482
5.29483
5.29484
5.29485
5.29486
5.29488
5.29489
5.2949
5.29491
5.29492
5.29493
5.29495
5.29496
5.29497
5.29498
5.29499
5.295
5.29501
5.29503
5.29504
5.29505
5.29506
5.29507
5.29508
5.2951
5.29511
5.29512
5.29513
5.29514
5.29516
5.29517
5.29518
5.29519
5.2952
5.29521
5.29523
5.29524
5.29525
5.29526
5.29527
5.29528
5.2953
5.29531
5.29532
5.29533
5.29534
5.29536
5.29537
5.29538
5.29539
5.2954
5.29542
5.29543
5.29544
5.29545
5.29546
5.29548
5.29549
5.2955
5.29551
5.29552
5.29554
5.29555
5.29556
5.29557
5.29558
5.2956
5.29561
5.29562
5.29563
5.29564
5.29566
5.29567
5.29568
5.29569
5.2957
5.29572
5.29573
5.29574
5.29575
5.29576
5.29578
5.29579
5.2958
5.29581
5.29583
5.29584
5.29585
5.29586
5.29587
5.29589
5.2959
5.29591
5.29592
5.29594
5.29595
5.29596
5.29597
5.29598
5.296
5.29601
5.29602
5.29603
5.29605
5.29606
5.29607
5.29608
5.2961
5.29611
5.29612
5.29613
5.29615
5.29616
5.29617
5.29618
5.29619
5.29621
5.29622
5.29623
5.29624
5.29626
5.29627
5.29628
5.29629
5.29631
5.29632
5.29633
5.29634
5.29636
5.29637
5.29638
5.29639
5.29641
5.29642
5.29643
5.29644
5.29646
5.29647
5.29648
5.29649
5.29651
5.29652
5.29653
5.29654
5.29656
5.29657
5.29658
5.2966
5.29661
5.29662
5.29663
5.29665
5.29666
5.29667
5.29668
5.2967
5.29671
5.29672
5.29673
5.29675
5.29676
5.29677
5.29679
5.2968
5.29681
5.29682
5.29684
5.29685
5.29686
5.29687
5.29689
5.2969
5.29691
5.29693
5.29694
5.29695
5.29696
5.29698
5.29699
5.297
5.29701
5.29703
5.29704
5.29705
5.29707
5.29708
5.29709
5.2971
5.29712
5.29713
5.29714
5.29716
5.29717
5.29718
5.29719
5.29721
5.29722
5.29723
5.29725
5.29726
5.29727
5.29728
5.2973
5.29731
5.29732
5.29734
5.29735
5.29736
5.29737
5.29739
5.2974
5.29741
5.29743
5.29744
5.29745
5.29746
5.29748
5.29749
5.2975
5.29752
5.29753
5.29754
5.29756
5.29757
5.29758
5.29759
5.29761
5.29762
5.29763
5.29765
5.29766
5.29767
5.29769
5.2977
5.29771
5.29772
5.29774
5.29775
5.29776
5.29778
5.29779
5.2978
5.29782
5.29783
5.29784
5.29786
5.29787
5.29788
5.29789
5.29791
5.29792
5.29793
5.29795
5.29796
5.29797
5.29799
5.298
5.29801
5.29803
5.29804
5.29805
5.29806
5.29808
5.29809
5.2981
5.29812
5.29813
5.29814
5.29816
5.29817
5.29818
5.2982
5.29821
5.29822
5.29824
5.29825
5.29826
5.29827
5.29829
5.2983
5.29831
5.29833
5.29834
5.29835
5.29837
5.29838
5.29839
5.29841
5.29842
5.29843
5.29845
5.29846
5.29847
5.29849
5.2985
5.29851
5.29853
5.29854
5.29855
5.29856
5.29858
5.29859
5.2986
5.29862
5.29863
5.29864
5.29866
5.29867
5.29868
5.2987
5.29871
5.29872
5.29874
5.29875
5.29876
5.29878
5.29879
5.2988
5.29882
5.29883
5.29884
5.29886
5.29887
5.29888
5.2989
5.29891
5.29892
5.29894
5.29895
5.29896
5.29898
5.29899
5.299
5.29902
5.29903
5.29904
5.29905
5.29907
5.29908
5.29909
5.29911
5.29912
5.29913
5.29915
5.29916
5.29917
5.29919
5.2992
5.29921
5.29923
5.29924
5.29925
5.29927
5.29928
5.29929
5.29931
5.29932
5.29933
5.29935
5.29936
5.29937
5.29939
5.2994
5.29941
5.29943
5.29944
5.29945
5.29947
5.29948
5.29949
5.29951
5.29952
5.29953
5.29955
5.29956
5.29957
5.29959
5.2996
5.29961
5.29963
5.29964
5.29965
5.29967
5.29968
5.29969
5.29971
5.29972
5.29973
5.29975
5.29976
5.29977
5.29979
5.2998
5.29981
5.29983
5.29984
5.29985
5.29987
5.29988
5.29989
5.29991
5.29992
5.29993
5.29994
5.29996
5.29997
5.29998
5.3
5.30001
5.30002
5.30004
5.30005
5.30006
5.30008
5.30009
5.3001
5.30012
5.30013
5.30014
5.30016
5.30017
5.30018
5.3002
5.30021
5.30022
5.30024
5.30025
5.30026
5.30028
5.30029
5.3003
5.30032
5.30033
5.30034
5.30036
5.30037
5.30038
5.3004
5.30041
5.30042
5.30044
5.30045
5.30046
5.30048
5.30049
5.3005
5.30051
5.30053
5.30054
5.30055
5.30057
5.30058
5.30059
5.30061
5.30062
5.30063
5.30065
5.30066
5.30067
5.30069
5.3007
5.30071
5.30073
5.30074
5.30075
5.30077
5.30078
5.30079
5.30081
5.30082
5.30083
5.30085
5.30086
5.30087
5.30088
5.3009
5.30091
5.30092
5.30094
5.30095
5.30096
5.30098
5.30099
5.301
5.30102
5.30103
5.30104
5.30106
5.30107
5.30108
5.3011
5.30111
5.30112
5.30113
5.30115
5.30116
5.30117
5.30119
5.3012
5.30121
5.30123
5.30124
5.30125
5.30127
5.30128
5.30129
5.3013
5.30132
5.30133
5.30134
5.30136
5.30137
5.30138
5.3014
5.30141
5.30142
5.30144
5.30145
5.30146
5.30147
5.30149
5.3015
5.30151
5.30153
5.30154
5.30155
5.30157
5.30158
5.30159
5.3016
5.30162
5.30163
5.30164
5.30166
5.30167
5.30168
5.3017
5.30171
5.30172
5.30173
5.30175
5.30176
5.30177
5.30179
5.3018
5.30181
5.30183
5.30184
5.30185
5.30186
5.30188
5.30189
5.3019
5.30192
5.30193
5.30194
5.30195
5.30197
5.30198
5.30199
5.30201
5.30202
5.30203
5.30204
5.30206
5.30207
5.30208
5.3021
5.30211
5.30212
5.30213
5.30215
5.30216
5.30217
5.30219
5.3022
5.30221
5.30222
5.30224
5.30225
5.30226
5.30228
5.30229
5.3023
5.30231
5.30233
5.30234
5.30235
5.30236
5.30238
5.30239
5.3024
5.30242
5.30243
5.30244
5.30245
5.30247
5.30248
5.30249
5.3025
5.30252
5.30253
5.30254
5.30255
5.30257
5.30258
5.30259
5.30261
5.30262
5.30263
5.30264
5.30266
5.30267
5.30268
5.30269
5.30271
5.30272
5.30273
5.30274
5.30276
5.30277
5.30278
5.30279
5.30281
5.30282
5.30283
5.30284
5.30286
5.30287
5.30288
5.30289
5.30291
5.30292
5.30293
5.30294
5.30296
5.30297
5.30298
5.30299
5.30301
5.30302
5.30303
5.30304
5.30306
5.30307
5.30308
5.30309
5.30311
5.30312
5.30313
5.30314
5.30316
5.30317
5.30318
5.30319
5.30321
5.30322
5.30323
5.30324
5.30325
5.30327
5.30328
5.30329
5.3033
5.30332
5.30333
5.30334
5.30335
5.30336
5.30338
5.30339
5.3034
5.30341
5.30343
5.30344
5.30345
5.30346
5.30347
5.30349
5.3035
5.30351
5.30352
5.30354
5.30355
5.30356
5.30357
5.30358
5.3036
5.30361
5.30362
5.30363
5.30364
5.30366
5.30367
5.30368
5.30369
5.30371
5.30372
5.30373
5.30374
5.30375
5.30377
5.30378
5.30379
5.3038
5.30381
5.30383
5.30384
5.30385
5.30386
5.30387
5.30389
5.3039
5.30391
5.30392
5.30393
5.30394
5.30396
5.30397
5.30398
5.30399
5.304
5.30402
5.30403
5.30404
5.30405
5.30406
5.30407
5.30409
5.3041
5.30411
5.30412
5.30413
5.30415
5.30416
5.30417
5.30418
5.30419
5.3042
5.30422
5.30423
5.30424
5.30425
5.30426
5.30427
5.30429
5.3043
5.30431
5.30432
5.30433
5.30434
5.30436
5.30437
5.30438
5.30439
5.3044
5.30441
5.30443
5.30444
5.30445
5.30446
5.30447
5.30448
5.30449
5.30451
5.30452
5.30453
5.30454
5.30455
5.30456
5.30457
5.30459
5.3046
5.30461
5.30462
5.30463
5.30464
5.30465
5.30467
5.30468
5.30469
5.3047
5.30471
5.30472
5.30473
5.30474
5.30476
5.30477
5.30478
5.30479
5.3048
5.30481
5.30482
5.30484
5.30485
5.30486
5.30487
5.30488
5.30489
5.3049
5.30491
5.30492
5.30494
5.30495
5.30496
5.30497
5.30498
5.30499
5.305
5.30501
5.30502
5.30504
5.30505
5.30506
5.30507
5.30508
5.30509
5.3051
5.30511
5.30512
5.30513
5.30515
5.30516
5.30517
5.30518
5.30519
5.3052
5.30521
5.30522
5.30523
5.30524
5.30525
5.30526
5.30528
5.30529
5.3053
5.30531
5.30532
5.30533
5.30534
5.30535
5.30536
5.30537
5.30538
5.30539
5.3054
5.30542
5.30543
5.30544
5.30545
5.30546
5.30547
5.30548
5.30549
5.3055
5.30551
5.30552
5.30553
5.30554
5.30555
5.30556
5.30557
5.30558
5.3056
5.30561
5.30562
5.30563
5.30564
5.30565
5.30566
5.30567
5.30568
5.30569
5.3057
5.30571
5.30572
5.30573
5.30574
5.30575
5.30576
5.30577
5.30578
5.30579
5.3058
5.30581
5.30582
5.30583
5.30584
5.30585
5.30586
5.30587
5.30588
5.3059
5.30591
5.30592
5.30593
5.30594
5.30595
5.30596
5.30597
5.30598
5.30599
5.306
5.30601
5.30602
5.30603
5.30604
5.30605
5.30606
5.30607
5.30608
5.30609
5.3061
5.30611
5.30612
5.30613
5.30614
5.30615
5.30616
5.30617
5.30618
5.30619
5.3062
5.3062
5.30621
5.30622
5.30623
5.30624
5.30625
5.30626
5.30627
5.30628
5.30629
5.3063
5.30631
5.30632
5.30633
5.30634
5.30635
5.30636
5.30637
5.30638
5.30639
5.3064
5.30641
5.30642
5.30643
5.30644
5.30645
5.30646
5.30647
5.30647
5.30648
5.30649
5.3065
5.30651
5.30652
5.30653
5.30654
5.30655
5.30656
5.30657
5.30658
5.30659
5.3066
5.30661
5.30662
5.30662
5.30663
5.30664
5.30665
5.30666
5.30667
5.30668
5.30669
5.3067
5.30671
5.30672
5.30673
5.30673
5.30674
5.30675
5.30676
5.30677
5.30678
5.30679
5.3068
5.30681
5.30682
5.30683
5.30683
5.30684
5.30685
5.30686
5.30687
5.30688
5.30689
5.3069
5.30691
5.30691
5.30692
5.30693
5.30694
5.30695
5.30696
5.30697
5.30698
5.30698
5.30699
5.307
5.30701
5.30702
5.30703
5.30704
5.30705
5.30705
5.30706
5.30707
5.30708
5.30709
5.3071
5.30711
5.30711
5.30712
5.30713
5.30714
5.30715
5.30716
5.30717
5.30717
5.30718
5.30719
5.3072
5.30721
5.30722
5.30722
5.30723
5.30724
5.30725
5.30726
5.30727
5.30727
5.30728
5.30729
5.3073
5.30731
5.30732
5.30732
5.30733
5.30734
5.30735
5.30736
5.30736
5.30737
5.30738
5.30739
5.3074
5.30741
5.30741
5.30742
5.30743
5.30744
5.30745
5.30745
5.30746
5.30747
5.30748
5.30749
5.30749
5.3075
5.30751
5.30752
5.30752
5.30753
5.30754
5.30755
5.30756
5.30756
5.30757
5.30758
5.30759
5.30759
5.3076
5.30761
5.30762
5.30763
5.30763
5.30764
5.30765
5.30766
5.30766
5.30767
5.30768
5.30769
5.30769
5.3077
5.30771
5.30772
5.30772
5.30773
5.30774
5.30775
5.30775
5.30776
5.30777
5.30778
5.30778
5.30779
5.3078
5.30781
5.30781
5.30782
5.30783
5.30783
5.30784
5.30785
5.30786
5.30786
5.30787
5.30788
5.30788
5.30789
5.3079
5.30791
5.30791
5.30792
5.30793
5.30793
5.30794
5.30795
5.30796
5.30796
5.30797
5.30798
5.30798
5.30799
5.308
5.308
5.30801
5.30802
5.30802
5.30803
5.30804
5.30805
5.30805
5.30806
5.30807
5.30807
5.30808
5.30809
5.30809
5.3081
5.30811
5.30811
5.30812
5.30813
5.30813
5.30814
5.30815
5.30815
5.30816
5.30817
5.30817
5.30818
5.30818
5.30819
5.3082
5.3082
5.30821
5.30822
5.30822
5.30823
5.30824
5.30824
5.30825
5.30826
5.30826
5.30827
5.30827
5.30828
5.30829
5.30829
5.3083
5.30831
5.30831
5.30832
5.30832
5.30833
5.30834
5.30834
5.30835
5.30835
5.30836
5.30837
5.30837
5.30838
5.30838
5.30839
5.3084
5.3084
5.30841
5.30841
5.30842
5.30843
5.30843
5.30844
5.30844
5.30845
5.30846
5.30846
5.30847
5.30847
5.30848
5.30848
5.30849
5.3085
5.3085
5.30851
5.30851
5.30852
5.30852
5.30853
5.30854
5.30854
5.30855
5.30855
5.30856
5.30856
5.30857
5.30857
5.30858
5.30858
5.30859
5.3086
5.3086
5.30861
5.30861
5.30862
5.30862
5.30863
5.30863
5.30864
5.30864
5.30865
5.30865
5.30866
5.30866
5.30867
5.30868
5.30868
5.30869
5.30869
5.3087
5.3087
5.30871
5.30871
5.30872
5.30872
5.30873
5.30873
5.30874
5.30874
5.30875
5.30875
5.30876
5.30876
5.30877
5.30877
5.30878
5.30878
5.30878
5.30879
5.30879
5.3088
5.3088
5.30881
5.30881
5.30882
5.30882
5.30883
5.30883
5.30884
5.30884
5.30885
5.30885
5.30886
5.30886
5.30886
5.30887
5.30887
5.30888
5.30888
5.30889
5.30889
5.3089
5.3089
5.3089
5.30891
5.30891
5.30892
5.30892
5.30893
5.30893
5.30893
5.30894
5.30894
5.30895
5.30895
5.30896
5.30896
5.30896
5.30897
5.30897
5.30898
5.30898
5.30898
5.30899
5.30899
5.309
5.309
5.309
5.30901
5.30901
5.30902
5.30902
5.30902
5.30903
5.30903
5.30904
5.30904
5.30904
5.30905
5.30905
5.30906
5.30906
5.30906
5.30907
5.30907
5.30907
5.30908
5.30908
5.30908
5.30909
5.30909
5.3091
5.3091
5.3091
5.30911
5.30911
5.30911
5.30912
5.30912
5.30912
5.30913
5.30913
5.30913
5.30914
5.30914
5.30914
5.30915
5.30915
5.30915
5.30916
5.30916
5.30916
5.30917
5.30917
5.30917
5.30918
5.30918
5.30918
5.30919
5.30919
5.30919
5.3092
5.3092
5.3092
5.3092
5.30921
5.30921
5.30921
5.30922
5.30922
5.30922
5.30923
5.30923
5.30923
5.30923
5.30924
5.30924
5.30924
5.30925
5.30925
5.30925
5.30925
5.30926
5.30926
5.30926
5.30926
5.30927
5.30927
5.30927
5.30927
5.30928
5.30928
5.30928
5.30929
5.30929
5.30929
5.30929
5.3093
5.3093
5.3093
5.3093
5.3093
5.30931
5.30931
5.30931
5.30931
5.30932
5.30932
5.30932
5.30932
5.30933
5.30933
5.30933
5.30933
5.30933
5.30934
5.30934
5.30934
5.30934
5.30935
5.30935
5.30935
5.30935
5.30935
5.30936
5.30936
5.30936
5.30936
5.30936
5.30936
5.30937
5.30937
5.30937
5.30937
5.30937
5.30938
5.30938
5.30938
5.30938
5.30938
5.30938
5.30939
5.30939
5.30939
5.30939
5.30939
5.30939
5.3094
5.3094
5.3094
5.3094
5.3094
5.3094
5.30941
5.30941
5.30941
5.30941
5.30941
5.30941
5.30941
5.30942
5.30942
5.30942
5.30942
5.30942
5.30942
5.30942
5.30943
5.30943
5.30943
5.30943
5.30943
5.30943
5.30943
5.30943
5.30943
5.30944
5.30944
5.30944
5.30944
5.30944
5.30944
5.30944
5.30944
5.30944
5.30944
5.30945
5.30945
5.30945
5.30945
5.30945
5.30945
5.30945
5.30945
5.30945
5.30945
5.30945
5.30945
5.30946
5.30946
5.30946
5.30946
5.30946
5.30946
5.30946
5.30946
5.30946
5.30946
5.30946
5.30946
5.30946
5.30946
5.30946
5.30946
5.30946
5.30947
5.30947
5.30947
5.30947
5.30947
5.30947
5.30947
5.30947
5.30947
5.30947
5.30947
5.30947
5.30947
5.30947
5.30947
5.30947
5.30947
5.30947
5.30947
5.30947
5.30947
5.30947
5.30947
5.30947
5.30947
5.30947
5.30947
5.30947
5.30947
5.30947
5.30947
5.30947
5.30947
5.30947
5.30947
5.30947
5.30947
5.30947
5.30947
5.30947
5.30947
5.30947
5.30947
5.30947
5.30947
5.30947
5.30947
5.30947
5.30946
5.30946
5.30946
5.30946
5.30946
5.30946
5.30946
5.30946
5.30946
5.30946
5.30946
5.30946
5.30946
5.30946
5.30946
5.30946
5.30946
5.30946
5.30945
5.30945
5.30945
5.30945
5.30945
5.30945
5.30945
5.30945
5.30945
5.30945
5.30945
5.30945
5.30944
5.30944
5.30944
5.30944
5.30944
5.30944
5.30944
5.30944
5.30944
5.30944
5.30943
5.30943
5.30943
5.30943
5.30943
5.30943
5.30943
5.30943
5.30942
5.30942
5.30942
5.30942
5.30942
5.30942
5.30942
5.30942
5.30941
5.30941
5.30941
5.30941
5.30941
5.30941
5.30941
5.3094
5.3094
5.3094
5.3094
5.3094
5.3094
5.30939
5.30939
5.30939
5.30939
5.30939
5.30939
5.30938
5.30938
5.30938
5.30938
5.30938
5.30938
5.30937
5.30937
5.30937
5.30937
5.30937
5.30936
5.30936
5.30936
5.30936
5.30936
5.30935
5.30935
5.30935
5.30935
5.30935
5.30934
5.30934
5.30934
5.30934
5.30934
5.30933
5.30933
5.30933
5.30933
5.30932
5.30932
5.30932
5.30932
5.30932
5.30931
5.30931
5.30931
5.30931
5.3093
5.3093
5.3093
5.3093
5.30929
5.30929
5.30929
5.30929
5.30928
5.30928
5.30928
5.30928
5.30927
5.30927
5.30927
5.30927
5.30926
5.30926
5.30926
5.30926
5.30925
5.30925
5.30925
5.30924
5.30924
5.30924
5.30924
5.30923
5.30923
5.30923
5.30922
5.30922
5.30922
5.30922
5.30921
5.30921
5.30921
5.3092
5.3092
5.3092
5.30919
5.30919
5.30919
5.30918
5.30918
5.30918
5.30918
5.30917
5.30917
5.30917
5.30916
5.30916
5.30916
5.30915
5.30915
5.30915
5.30914
5.30914
5.30914
5.30913
5.30913
5.30913
5.30912
5.30912
5.30912
5.30911
5.30911
5.3091
5.3091
5.3091
5.30909
5.30909
5.30909
5.30908
5.30908
5.30908
5.30907
5.30907
5.30906
5.30906
5.30906
5.30905
5.30905
5.30905
5.30904
5.30904
5.30903
5.30903
5.30903
5.30902
5.30902
5.30902
5.30901
5.30901
5.309
5.309
5.309
5.30899
5.30899
5.30898
5.30898
5.30897
5.30897
5.30897
5.30896
5.30896
5.30895
5.30895
5.30895
5.30894
5.30894
5.30893
5.30893
5.30892
5.30892
5.30892
5.30891
5.30891
5.3089
5.3089
5.30889
5.30889
5.30888
5.30888
5.30888
5.30887
5.30887
5.30886
5.30886
5.30885
5.30885
5.30884
5.30884
5.30883
5.30883
5.30883
5.30882
5.30882
5.30881
5.30881
5.3088
5.3088
5.30879
5.30879
5.30878
5.30878
5.30877
5.30877
5.30876
5.30876
5.30875
5.30875
5.30874
5.30874
5.30873
5.30873
5.30872
5.30872
5.30871
5.30871
5.3087
5.3087
5.30869
5.30869
5.30868
5.30868
5.30867
5.30867
5.30866
5.30866
5.30865
5.30865
5.30864
5.30864
5.30863
5.30863
5.30862
5.30862
5.30861
5.3086
5.3086
5.30859
5.30859
5.30858
5.30858
5.30857
5.30857
5.30856
5.30856
5.30855
5.30854
5.30854
5.30853
5.30853
5.30852
5.30852
5.30851
5.3085
5.3085
5.30849
5.30849
5.30848
5.30848
5.30847
5.30846
5.30846
5.30845
5.30845
5.30844
5.30844
5.30843
5.30842
5.30842
5.30841
5.30841
5.3084
5.30839
5.30839
5.30838
5.30838
5.30837
5.30836
5.30836
5.30835
5.30835
5.30834
5.30833
5.30833
5.30832
5.30832
5.30831
5.3083
5.3083
5.30829
5.30828
5.30828
5.30827
5.30827
5.30826
5.30825
5.30825
5.30824
5.30823
5.30823
5.30822
5.30821
5.30821
5.3082
5.3082
5.30819
5.30818
5.30818
5.30817
5.30816
5.30816
5.30815
5.30814
5.30814
5.30813
5.30812
5.30812
5.30811
5.3081
5.3081
5.30809
5.30808
5.30808
5.30807
5.30806
5.30806
5.30805
5.30804
5.30804
5.30803
5.30802
5.30802
5.30801
5.308
5.30799
5.30799
5.30798
5.30797
5.30797
5.30796
5.30795
5.30795
5.30794
5.30793
5.30792
5.30792
5.30791
5.3079
5.3079
5.30789
5.30788
5.30787
5.30787
5.30786
5.30785
5.30785
5.30784
5.30783
5.30782
5.30782
5.30781
5.3078
5.30779
5.30779
5.30778
5.30777
5.30777
5.30776
5.30775
5.30774
5.30774
5.30773
5.30772
5.30771
5.30771
5.3077
5.30769
5.30768
5.30768
5.30767
5.30766
5.30765
5.30764
5.30764
5.30763
5.30762
5.30761
5.30761
5.3076
5.30759
5.30758
5.30758
5.30757
5.30756
5.30755
5.30754
5.30754
5.30753
5.30752
5.30751
5.30751
5.3075
5.30749
5.30748
5.30747
5.30747
5.30746
5.30745
5.30744
5.30743
5.30743
5.30742
5.30741
5.3074
5.30739
5.30739
5.30738
5.30737
5.30736
5.30735
5.30734
5.30734
5.30733
5.30732
5.30731
5.3073
5.3073
5.30729
5.30728
5.30727
5.30726
5.30725
5.30725
5.30724
5.30723
5.30722
5.30721
5.3072
5.3072
5.30719
5.30718
5.30717
5.30716
5.30715
5.30714
5.30714
5.30713
5.30712
5.30711
5.3071
5.30709
5.30708
5.30708
5.30707
5.30706
5.30705
5.30704
5.30703
5.30702
5.30702
5.30701
5.307
5.30699
5.30698
5.30697
5.30696
5.30695
5.30695
5.30694
5.30693
5.30692
5.30691
5.3069
5.30689
5.30688
5.30687
5.30687
5.30686
5.30685
5.30684
5.30683
5.30682
5.30681
5.3068
5.30679
5.30679
5.30678
5.30677
5.30676
5.30675
5.30674
5.30673
5.30672
5.30671
5.3067
5.30669
5.30668
5.30668
5.30667
5.30666
5.30665
5.30664
5.30663
5.30662
5.30661
5.3066
5.30659
5.30658
5.30657
5.30656
5.30655
5.30655
5.30654
5.30653
5.30652
5.30651
5.3065
5.30649
5.30648
5.30647
5.30646
5.30645
5.30644
5.30643
5.30642
5.30641
5.3064
5.30639
5.30638
5.30637
5.30637
5.30636
5.30635
5.30634
5.30633
5.30632
5.30631
5.3063
5.30629
5.30628
5.30627
5.30626
5.30625
5.30624
5.30623
5.30622
5.30621
5.3062
5.30619
5.30618
5.30617
5.30616
5.30615
5.30614
5.30613
5.30612
5.30611
5.3061
5.30609
5.30608
5.30607
5.30606
5.30605
5.30604
5.30603
5.30602
5.30601
5.306
5.30599
5.30598
5.30597
5.30596
5.30595
5.30594
5.30593
5.30592
5.30591
5.3059
5.30589
5.30588
5.30587
5.30586
5.30585
5.30584
5.30583
5.30582
5.30581
5.3058
5.30579
5.30578
5.30577
5.30576
5.30575
5.30574
5.30573
5.30572
5.3057
5.30569
5.30568
5.30567
5.30566
5.30565
5.30564
5.30563
5.30562
5.30561
5.3056
5.30559
5.30558
5.30557
5.30556
5.30555
5.30554
5.30553
5.30552
5.30551
5.3055
5.30548
5.30547
5.30546
5.30545
5.30544
5.30543
5.30542
5.30541
5.3054
5.30539
5.30538
5.30537
5.30536
5.30535
5.30533
5.30532
5.30531
5.3053
5.30529
5.30528
5.30527
5.30526
5.30525
5.30524
5.30523
5.30522
5.3052
5.30519
5.30518
5.30517
5.30516
5.30515
5.30514
5.30513
5.30512
5.30511
5.3051
5.30508
5.30507
5.30506
5.30505
5.30504
5.30503
5.30502
5.30501
5.305
5.30499
5.30497
5.30496
5.30495
5.30494
5.30493
5.30492
5.30491
5.3049
5.30489
5.30487
5.30486
5.30485
5.30484
5.30483
5.30482
5.30481
5.3048
5.30478
5.30477
5.30476
5.30475
5.30474
5.30473
5.30472
5.30471
5.30469
5.30468
5.30467
5.30466
5.30465
5.30464
5.30463
5.30461
5.3046
5.30459
5.30458
5.30457
5.30456
5.30455
5.30453
5.30452
5.30451
5.3045
5.30449
5.30448
5.30447
5.30445
5.30444
5.30443
5.30442
5.30441
5.3044
5.30438
5.30437
5.30436
5.30435
5.30434
5.30433
5.30431
5.3043
5.30429
5.30428
5.30427
5.30426
5.30424
5.30423
5.30422
5.30421
5.3042
5.30419
5.30417
5.30416
5.30415
5.30414
5.30413
5.30412
5.3041
5.30409
5.30408
5.30407
5.30406
5.30404
5.30403
5.30402
5.30401
5.304
5.30399
5.30397
5.30396
5.30395
5.30394
5.30393
5.30391
5.3039
5.30389
5.30388
5.30387
5.30385
5.30384
5.30383
5.30382
5.30381
5.30379
5.30378
5.30377
5.30376
5.30375
5.30373
5.30372
5.30371
5.3037
5.30369
5.30367
5.30366
5.30365
5.30364
5.30363
5.30361
5.3036
5.30359
5.30358
5.30357
5.30355
5.30354
5.30353
5.30352
5.3035
5.30349
5.30348
5.30347
5.30346
5.30344
5.30343
5.30342
5.30341
5.30339
5.30338
5.30337
5.30336
5.30335
5.30333
5.30332
5.30331
5.3033
5.30328
5.30327
5.30326
5.30325
5.30323
5.30322
5.30321
5.3032
5.30319
5.30317
5.30316
5.30315
5.30314
5.30312
5.30311
5.3031
5.30309
5.30307
5.30306
5.30305
5.30304
5.30302
5.30301
5.303
5.30299
5.30297
5.30296
5.30295
5.30294
5.30292
5.30291
5.3029
5.30289
5.30287
5.30286
5.30285
5.30284
5.30282
5.30281
5.3028
5.30279
5.30277
5.30276
5.30275
5.30274
5.30272
5.30271
5.3027
5.30269
5.30267
5.30266
5.30265
5.30264
5.30262
5.30261
5.3026
5.30259
5.30257
5.30256
5.30255
5.30253
5.30252
5.30251
5.3025
5.30248
5.30247
5.30246
5.30245
5.30243
5.30242
5.30241
5.30239
5.30238
5.30237
5.30236
5.30234
5.30233
5.30232
5.30231
5.30229
5.30228
5.30227
5.30225
5.30224
5.30223
5.30222
5.3022
5.30219
5.30218
5.30216
5.30215
5.30214
5.30213
5.30211
5.3021
5.30209
5.30207
5.30206
5.30205
5.30204
5.30202
5.30201
5.302
5.30198
5.30197
5.30196
5.30195
5.30193
5.30192
5.30191
5.30189
5.30188
5.30187
5.30186
5.30184
5.30183
5.30182
5.3018
5.30179
5.30178
5.30176
5.30175
5.30174
5.30173
5.30171
5.3017
5.30169
5.30167
5.30166
5.30165
5.30164
5.30162
5.30161
5.3016
5.30158
5.30157
5.30156
5.30154
5.30153
5.30152
5.3015
5.30149
5.30148
5.30147
5.30145
5.30144
5.30143
5.30141
5.3014
5.30139
5.30137
5.30136
5.30135
5.30134
5.30132
5.30131
5.3013
5.30128
5.30127
5.30126
5.30124
5.30123
5.30122
5.3012
5.30119
5.30118
5.30116
5.30115
5.30114
5.30113
5.30111
5.3011
5.30109
5.30107
5.30106
5.30105
5.30103
5.30102
5.30101
5.30099
5.30098
5.30097
5.30095
5.30094
5.30093
5.30091
5.3009
5.30089
5.30088
5.30086
5.30085
5.30084
5.30082
5.30081
5.3008
5.30078
5.30077
5.30076
5.30074
5.30073
5.30072
5.3007
5.30069
5.30068
5.30066
5.30065
5.30064
5.30062
5.30061
5.3006
5.30058
5.30057
5.30056
5.30055
5.30053
5.30052
5.30051
5.30049
5.30048
5.30047
5.30045
5.30044
5.30043
5.30041
5.3004
5.30039
5.30037
5.30036
5.30035
5.30033
5.30032
5.30031
5.30029
5.30028
5.30027
5.30025
5.30024
5.30023
5.30021
5.3002
5.30019
5.30017
5.30016
5.30015
5.30013
5.30012
5.30011
5.30009
5.30008
5.30007
5.30005
5.30004
5.30003
5.30001
5.3
5.29999
5.29997
5.29996
5.29995
5.29993
5.29992
5.29991
5.29989
5.29988
5.29987
5.29986
5.29984
5.29983
5.29982
5.2998
5.29979
5.29978
5.29976
5.29975
5.29974
5.29972
5.29971
5.2997
5.29968
5.29967
5.29966
5.29964
5.29963
5.29962
5.2996
5.29959
5.29958
5.29956
5.29955
5.29954
5.29952
5.29951
5.2995
5.29948
5.29947
5.29946
5.29944
5.29943
5.29942
5.2994
5.29939
5.29938
5.29936
5.29935
5.29934
5.29932
5.29931
5.2993
5.29928
5.29927
5.29926
5.29924
5.29923
5.29922
5.2992
5.29919
5.29918
5.29916
5.29915
5.29914
5.29912
5.29911
5.2991
5.29908
5.29907
5.29906
5.29904
5.29903
5.29902
5.299
5.29899
5.29898
5.29896
5.29895
5.29894
5.29892
5.29891
5.2989
5.29888
5.29887
5.29886
5.29885
5.29883
5.29882
5.29881
5.29879
5.29878
5.29877
5.29875
5.29874
5.29873
5.29871
5.2987
5.29869
5.29867
5.29866
5.29865
5.29863
5.29862
5.29861
5.29859
5.29858
5.29857
5.29855
5.29854
5.29853
5.29851
5.2985
5.29849
5.29847
5.29846
5.29845
5.29843
5.29842
5.29841
5.2984
5.29838
5.29837
5.29836
5.29834
5.29833
5.29832
5.2983
5.29829
5.29828
5.29826
5.29825
5.29824
5.29822
5.29821
5.2982
5.29818
5.29817
5.29816
5.29815
5.29813
5.29812
5.29811
5.29809
5.29808
5.29807
5.29805
5.29804
5.29803
5.29801
5.298
5.29799
5.29797
5.29796
5.29795
5.29794
5.29792
5.29791
5.2979
5.29788
5.29787
5.29786
5.29784
5.29783
5.29782
5.2978
5.29779
5.29778
5.29777
5.29775
5.29774
5.29773
5.29771
5.2977
5.29769
5.29767
5.29766
5.29765
5.29763
5.29762
5.29761
5.2976
5.29758
5.29757
5.29756
5.29754
5.29753
5.29752
5.2975
5.29749
5.29748
5.29747
5.29745
5.29744
5.29743
5.29741
5.2974
5.29739
5.29738
5.29736
5.29735
5.29734
5.29732
5.29731
5.2973
5.29728
5.29727
5.29726
5.29725
5.29723
5.29722
5.29721
5.29719
5.29718
5.29717
5.29716
5.29714
5.29713
5.29712
5.2971
5.29709
5.29708
5.29707
5.29705
5.29704
5.29703
5.29701
5.297
5.29699
5.29698
5.29696
5.29695
5.29694
5.29693
5.29691
5.2969
5.29689
5.29687
5.29686
5.29685
5.29684
5.29682
5.29681
5.2968
5.29679
5.29677
5.29676
5.29675
5.29673
5.29672
5.29671
5.2967
5.29668
5.29667
5.29666
5.29665
5.29663
5.29662
5.29661
5.2966
5.29658
5.29657
5.29656
5.29654
5.29653
5.29652
5.29651
5.29649
5.29648
5.29647
5.29646
5.29644
5.29643
5.29642
5.29641
5.29639
5.29638
5.29637
5.29636
5.29634
5.29633
5.29632
5.29631
5.29629
5.29628
5.29627
5.29626
5.29624
5.29623
5.29622
5.29621
5.29619
5.29618
5.29617
5.29616
5.29614
5.29613
5.29612
5.29611
5.2961
5.29608
5.29607
5.29606
5.29605
5.29603
5.29602
5.29601
5.296
5.29598
5.29597
5.29596
5.29595
5.29593
5.29592
5.29591
5.2959
5.29589
5.29587
5.29586
5.29585
5.29584
5.29582
5.29581
5.2958
5.29579
5.29578
5.29576
5.29575
5.29574
5.29573
5.29572
5.2957
5.29569
5.29568
5.29567
5.29565
5.29564
5.29563
5.29562
5.29561
5.29559
5.29558
5.29557
5.29556
5.29555
5.29553
5.29552
5.29551
5.2955
5.29549
5.29547
5.29546
5.29545
5.29544
5.29543
5.29541
5.2954
5.29539
5.29538
5.29537
5.29535
5.29534
5.29533
5.29532
5.29531
5.29529
5.29528
5.29527
5.29526
5.29525
5.29524
5.29522
5.29521
5.2952
5.29519
5.29518
5.29516
5.29515
5.29514
5.29513
5.29512
5.29511
5.29509
5.29508
5.29507
5.29506
5.29505
5.29504
5.29502
5.29501
5.295
5.29499
5.29498
5.29497
5.29495
5.29494
5.29493
5.29492
5.29491
5.2949
5.29488
5.29487
5.29486
5.29485
5.29484
5.29483
5.29482
5.2948
5.29479
5.29478
5.29477
5.29476
5.29475
5.29474
5.29472
5.29471
5.2947
5.29469
5.29468
5.29467
5.29466
5.29464
5.29463
5.29462
5.29461
5.2946
5.29459
5.29458
5.29457
5.29455
5.29454
5.29453
5.29452
5.29451
5.2945
5.29449
5.29448
5.29446
5.29445
5.29444
5.29443
5.29442
5.29441
5.2944
5.29439
5.29437
5.29436
5.29435
5.29434
5.29433
5.29432
5.29431
5.2943
5.29429
5.29428
5.29426
5.29425
5.29424
5.29423
5.29422
5.29421
5.2942
5.29419
5.29418
5.29417
5.29415
5.29414
5.29413
5.29412
5.29411
5.2941
5.29409
5.29408
5.29407
5.29406
5.29405
5.29404
5.29402
5.29401
5.294
5.29399
5.29398
5.29397
5.29396
5.29395
5.29394
5.29393
5.29392
5.29391
5.2939
5.29389
5.29388
5.29386
5.29385
5.29384
5.29383
5.29382
5.29381
5.2938
5.29379
5.29378
5.29377
5.29376
5.29375
5.29374
5.29373
5.29372
5.29371
5.2937
5.29369
5.29368
5.29367
5.29366
5.29364
5.29363
5.29362
5.29361
5.2936
5.29359
5.29358
5.29357
5.29356
5.29355
5.29354
5.29353
5.29352
5.29351
5.2935
5.29349
5.29348
5.29347
5.29346
5.29345
5.29344
5.29343
5.29342
5.29341
5.2934
5.29339
5.29338
5.29337
5.29336
5.29335
5.29334
5.29333
5.29332
5.29331
5.2933
5.29329
5.29328
5.29327
5.29326
5.29325
5.29324
5.29323
5.29322
5.29321
5.2932
5.29319
5.29318
5.29317
5.29316
5.29315
5.29314
5.29313
5.29312
5.29311
5.2931
5.29309
5.29308
5.29307
5.29307
5.29306
5.29305
5.29304
5.29303
5.29302
5.29301
5.293
5.29299
5.29298
5.29297
5.29296
5.29295
5.29294
5.29293
5.29292
5.29291
5.2929
5.29289
5.29288
5.29288
5.29287
5.29286
5.29285
5.29284
5.29283
5.29282
5.29281
5.2928
5.29279
5.29278
5.29277
5.29276
5.29276
5.29275
5.29274
5.29273
5.29272
5.29271
5.2927
5.29269
5.29268
5.29267
5.29266
5.29265
5.29265
5.29264
5.29263
5.29262
5.29261
5.2926
5.29259
5.29258
5.29257
5.29257
5.29256
5.29255
5.29254
5.29253
5.29252
5.29251
5.2925
5.29249
5.29249
5.29248
5.29247
5.29246
5.29245
5.29244
5.29243
5.29242
5.29242
5.29241
5.2924
5.29239
5.29238
5.29237
5.29236
5.29236
5.29235
5.29234
5.29233
5.29232
5.29231
5.29231
5.2923
5.29229
5.29228
5.29227
5.29226
5.29225
5.29225
5.29224
5.29223
5.29222
5.29221
5.2922
5.2922
5.29219
5.29218
5.29217
5.29216
5.29216
5.29215
5.29214
5.29213
5.29212
5.29211
5.29211
5.2921
5.29209
5.29208
5.29207
5.29207
5.29206
5.29205
5.29204
5.29203
5.29203
5.29202
5.29201
5.292
5.29199
5.29199
5.29198
5.29197
5.29196
5.29196
5.29195
5.29194
5.29193
5.29192
5.29192
5.29191
5.2919
5.29189
5.29189
5.29188
5.29187
5.29186
5.29186
5.29185
5.29184
5.29183
5.29183
5.29182
5.29181
5.2918
5.2918
5.29179
5.29178
5.29177
5.29177
5.29176
5.29175
5.29174
5.29174
5.29173
5.29172
5.29171
5.29171
5.2917
5.29169
5.29168
5.29168
5.29167
5.29166
5.29166
5.29165
5.29164
5.29163
5.29163
5.29162
5.29161
5.29161
5.2916
5.29159
5.29159
5.29158
5.29157
5.29156
5.29156
5.29155
5.29154
5.29154
5.29153
5.29152
5.29152
5.29151
5.2915
5.2915
5.29149
5.29148
5.29148
5.29147
5.29146
5.29145
5.29145
5.29144
5.29143
5.29143
5.29142
5.29142
5.29141
5.2914
5.2914
5.29139
5.29138
5.29138
5.29137
5.29136
5.29136
5.29135
5.29134
5.29134
5.29133
5.29132
5.29132
5.29131
5.29131
5.2913
5.29129
5.29129
5.29128
5.29127
5.29127
5.29126
5.29126
5.29125
5.29124
5.29124
5.29123
5.29122
5.29122
5.29121
5.29121
5.2912
5.29119
5.29119
5.29118
5.29118
5.29117
5.29116
5.29116
5.29115
5.29115
5.29114
5.29114
5.29113
5.29112
5.29112
5.29111
5.29111
5.2911
5.29109
5.29109
5.29108
5.29108
5.29107
5.29107
5.29106
5.29106
5.29105
5.29104
5.29104
5.29103
5.29103
5.29102
5.29102
5.29101
5.29101
5.291
5.29099
5.29099
5.29098
5.29098
5.29097
5.29097
5.29096
5.29096
5.29095
5.29095
5.29094
5.29094
5.29093
5.29093
5.29092
5.29092
5.29091
5.29091
5.2909
5.2909
5.29089
5.29089
5.29088
5.29088
5.29087
5.29087
5.29086
5.29086
5.29085
5.29085
5.29084
5.29084
5.29083
5.29083
5.29082
5.29082
5.29081
5.29081
5.2908
5.2908
5.29079
5.29079
5.29078
5.29078
5.29077
5.29077
5.29077
5.29076
5.29076
5.29075
5.29075
5.29074
5.29074
5.29073
5.29073
5.29072
5.29072
5.29072
5.29071
5.29071
5.2907
5.2907
5.29069
5.29069
5.29069
5.29068
5.29068
5.29067
5.29067
5.29066
5.29066
5.29066
5.29065
5.29065
5.29064
5.29064
5.29064
5.29063
5.29063
5.29062
5.29062
5.29062
5.29061
5.29061
5.2906
5.2906
5.2906
5.29059
5.29059
5.29059
5.29058
5.29058
5.29057
5.29057
5.29057
5.29056
5.29056
5.29056
5.29055
5.29055
5.29054
5.29054
5.29054
5.29053
5.29053
5.29053
5.29052
5.29052
5.29052
5.29051
5.29051
5.29051
5.2905
5.2905
5.2905
5.29049
5.29049
5.29049
5.29048
5.29048
5.29048
5.29047
5.29047
5.29047
5.29046
5.29046
5.29046
5.29045
5.29045
5.29045
5.29045
5.29044
5.29044
5.29044
5.29043
5.29043
5.29043
5.29042
5.29042
5.29042
5.29042
5.29041
5.29041
5.29041
5.2904
5.2904
5.2904
5.2904
5.29039
5.29039
5.29039
5.29039
5.29038
5.29038
5.29038
5.29038
5.29037
5.29037
5.29037
5.29037
5.29036
5.29036
5.29036
5.29036
5.29035
5.29035
5.29035
5.29035
5.29034
5.29034
5.29034
5.29034
5.29033
5.29033
5.29033
5.29033
5.29033
5.29032
5.29032
5.29032
5.29032
5.29032
5.29031
5.29031
5.29031
5.29031
5.29031
5.2903
5.2903
5.2903
5.2903
5.2903
5.29029
5.29029
5.29029
5.29029
5.29029
5.29028
5.29028
5.29028
5.29028
5.29028
5.29028
5.29027
5.29027
5.29027
5.29027
5.29027
5.29027
5.29026
5.29026
5.29026
5.29026
5.29026
5.29026
5.29026
5.29025
5.29025
5.29025
5.29025
5.29025
5.29025
5.29025
5.29025
5.29024
5.29024
5.29024
5.29024
5.29024
5.29024
5.29024
5.29024
5.29023
5.29023
5.29023
5.29023
5.29023
5.29023
5.29023
5.29023
5.29023
5.29023
5.29022
5.29022
5.29022
5.29022
5.29022
5.29022
5.29022
5.29022
5.29022
5.29022
5.29022
5.29022
5.29022
5.29021
5.29021
5.29021
5.29021
5.29021
5.29021
5.29021
5.29021
5.29021
5.29021
5.29021
5.29021
5.29021
5.29021
5.29021
5.29021
5.29021
5.29021
5.29021
5.29021
5.29021
5.29021
5.29021
5.2902
5.2902
5.2902
5.2902
5.2902
5.2902
5.2902
5.2902
5.2902
5.2902
5.2902
5.2902
5.2902
5.2902
5.2902
5.2902
5.2902
5.2902
5.2902
5.2902
5.2902
5.2902
5.29021
5.29021
5.29021
5.29021
5.29021
5.29021
5.29021
5.29021
5.29021
5.29021
5.29021
5.29021
5.29021
5.29021
5.29021
5.29021
5.29021
5.29021
5.29021
5.29021
5.29021
5.29021
5.29021
5.29022
5.29022
5.29022
5.29022
5.29022
5.29022
5.29022
5.29022
5.29022
5.29022
5.29022
5.29022
5.29022
5.29023
5.29023
5.29023
5.29023
5.29023
5.29023
5.29023
5.29023
5.29023
5.29023
5.29024
5.29024
5.29024
5.29024
5.29024
5.29024
5.29024
5.29024
5.29025
5.29025
5.29025
5.29025
5.29025
5.29025
5.29025
5.29025
5.29026
5.29026
5.29026
5.29026
5.29026
5.29026
5.29026
5.29027
5.29027
5.29027
5.29027
5.29027
5.29027
5.29028
5.29028
5.29028
5.29028
5.29028
5.29028
5.29029
5.29029
5.29029
5.29029
5.29029
5.2903
5.2903
5.2903
5.2903
5.2903
5.2903
5.29031
5.29031
5.29031
5.29031
5.29031
5.29032
5.29032
5.29032
5.29032
5.29033
5.29033
5.29033
5.29033
5.29033
5.29034
5.29034
5.29034
5.29034
5.29035
5.29035
5.29035
5.29035
5.29036
5.29036
5.29036
5.29036
5.29036
5.29037
5.29037
5.29037
5.29037
5.29038
5.29038
5.29038
5.29039
5.29039
5.29039
5.29039
5.2904
5.2904
5.2904
5.2904
5.29041
5.29041
5.29041
5.29042
5.29042
5.29042
5.29042
5.29043
5.29043
5.29043
5.29044
5.29044
5.29044
5.29044
5.29045
5.29045
5.29045
5.29046
5.29046
5.29046
5.29047
5.29047
5.29047
5.29048
5.29048
5.29048
5.29049
5.29049
5.29049
5.2905
5.2905
5.2905
5.29051
5.29051
5.29051
5.29052
5.29052
5.29052
5.29053
5.29053
5.29053
5.29054
5.29054
5.29054
5.29055
5.29055
5.29055
5.29056
5.29056
5.29057
5.29057
5.29057
5.29058
5.29058
5.29058
5.29059
5.29059
5.2906
5.2906
5.2906
5.29061
5.29061
5.29062
5.29062
5.29062
5.29063
5.29063
5.29064
5.29064
5.29064
5.29065
5.29065
5.29066
5.29066
5.29066
5.29067
5.29067
5.29068
5.29068
5.29068
5.29069
5.29069
5.2907
5.2907
5.29071
5.29071
5.29072
5.29072
5.29072
5.29073
5.29073
5.29074
5.29074
5.29075
5.29075
5.29076
5.29076
5.29076
5.29077
5.29077
5.29078
5.29078
5.29079
5.29079
5.2908
5.2908
5.29081
5.29081
5.29082
5.29082
5.29083
5.29083
5.29084
5.29084
5.29084
5.29085
5.29085
5.29086
5.29086
5.29087
5.29087
5.29088
5.29088
5.29089
5.29089
5.2909
5.2909
5.29091
5.29091
5.29092
5.29093
5.29093
5.29094
5.29094
5.29095
5.29095
5.29096
5.29096
5.29097
5.29097
5.29098
5.29098
5.29099
5.29099
5.291
5.291
5.29101
5.29102
5.29102
5.29103
5.29103
5.29104
5.29104
5.29105
5.29105
5.29106
5.29107
5.29107
5.29108
5.29108
5.29109
5.29109
5.2911
5.29111
5.29111
5.29112
5.29112
5.29113
5.29113
5.29114
5.29115
5.29115
5.29116
5.29116
5.29117
5.29118
5.29118
5.29119
5.29119
5.2912
5.29121
5.29121
5.29122
5.29122
5.29123
5.29124
5.29124
5.29125
5.29125
5.29126
5.29127
5.29127
5.29128
5.29129
5.29129
5.2913
5.2913
5.29131
5.29132
5.29132
5.29133
5.29134
5.29134
5.29135
5.29136
5.29136
5.29137
5.29137
5.29138
5.29139
5.29139
5.2914
5.29141
5.29141
5.29142
5.29143
5.29143
5.29144
5.29145
5.29145
5.29146
5.29147
5.29147
5.29148
5.29149
5.29149
5.2915
5.29151
5.29151
5.29152
5.29153
5.29154
5.29154
5.29155
5.29156
5.29156
5.29157
5.29158
5.29158
5.29159
5.2916
5.29161
5.29161
5.29162
5.29163
5.29163
5.29164
5.29165
5.29165
5.29166
5.29167
5.29168
5.29168
5.29169
5.2917
5.29171
5.29171
5.29172
5.29173
5.29173
5.29174
5.29175
5.29176
5.29176
5.29177
5.29178
5.29179
5.29179
5.2918
5.29181
5.29182
5.29182
5.29183
5.29184
5.29185
5.29185
5.29186
5.29187
5.29188
5.29188
5.29189
5.2919
5.29191
5.29192
5.29192
5.29193
5.29194
5.29195
5.29195
5.29196
5.29197
5.29198
5.29199
5.29199
5.292
5.29201
5.29202
5.29203
5.29203
5.29204
5.29205
5.29206